010000000000000000000000000000000000000000 0.000000 0.000000 0.000000 0.000000 0.000000 0.000000 0.000000
210000000000000000000000000000000000000000 0.000000 0.000000 0.000000 0.000000 0.000000 0.000000 0.000000
210000010000000000000000000000000000000000 0.000000 0.000000 0.000000 0.000000 0.000000 0.000000 0.000000
210000010000002000000000000000000000000000 0.000000 0.000000 0.000000 0.000000 0.000000 0.000000 0.000000
211000010000002000000000000000000000000000 0.000000 0.000000 0.000000 0.000000 0.000000 0.000000 0.000000
211000210000002000000000000000000000000000 0.000000 0.000000 0.000000 0.000000 0.000000 0.000000 0.000000
211100210000002000000000000000000000000000 0.000000 0.000000 0.000000 0.000000 0.000000 0.000000 0.000000
211100210000002000000200000000000000000000 0.000000 0.000000 0.000000 0.000000 0.000000 0.000000 0.000000
210000001000000000000000000000000000000000 0.000000 0.000000 0.000000 0.000000 0.000000 0.000000 0.000000
210000021000000000000000000000000000000000 0.000000 0.000000 0.000000 0.000000 0.000000 0.000000 0.000000
210000021000000100000000000000000000000000 0.000000 0.000000 0.000000 0.000000 0.000000 0.000000 0.000000
210200021000000100000000000000000000000000 0.000000 0.000000 0.000000 0.000000 0.000000 0.000000 0.000000
000000000000000000000000000000000000000000 0.000000 0.000000 0.000000 0.000000 0.000000 0.000000 0.000000
200000000000000000000000000000000000000000 0.000000 0.000000 0.000000 0.000000 0.000000 0.000000 0.000000
210000020000000000000000000000000000000000 0.000000 0.000000 0.000000 0.000000 0.000000 0.000000 0.000000
210000021000002000000000000000000000000000 0.000000 0.000000 0.000000 0.000000 0.000000 0.000000 0.000000
210000021000002100000000000000000000000000 0.000000 0.000000 0.000000 0.000000 0.000000 0.000000 0.000000
210000021000002100000200000000000000000000 0.000000 0.000000 0.000000 0.000000 0.000000 0.000000 0.000000
200000010000000000000000000000000000000000 0.000000 0.000000 0.000000 0.000000 0.000000 0.000000 0.000000
200000010000002000000000000000000000000000 0.000000 0.000000 0.000000 0.000000 0.000000 0.000000 0.000000
210000010000002000000200000000000000000000 0.000000 0.000000 0.000000 0.000000 0.000000 0.000000 0.000000
211000010000002000000200000000000000000000 0.000000 0.000000 0.000000 0.000000 0.000000 0.000000 0.000000
211000010000002000000200000020000000000000 0.000000 0.000000 0.000000 0.000000 0.000000 0.000000 0.000000
211000010000002000000200000020000001000000 0.000000 0.000000 0.000000 0.000000 0.000000 0.000000 0.000000
211000012000002000000200000020000001000000 0.000000 0.000000 0.000000 0.000000 0.000000 0.000000 0.000000
211100012000002000000200000020000001000000 0.000000 0.000000 0.000000 0.000000 0.000000 0.000000 0.000000
211100012000002200000200000020000001000000 0.000000 0.000000 0.000000 0.000000 0.000000 0.000000 0.000000
210000021000002000000100000000000000000000 0.000000 0.000000 0.000000 0.000000 0.000000 0.000000 0.000000
210000021000002000000100000020000000000000 0.000000 0.000000 0.000000 0.000000 0.000000 0.000000 0.000000
210000021000002100000100000020000000000000 0.000000 0.000000 0.000000 0.000000 0.000000 0.000000 0.000000
210000021000002100000100000020000002000000 0.000000 0.000000 0.000000 0.000000 0.000000 0.000000 0.000000
100000000000000000000000000000000000000000 0.000000 0.000000 0.000000 0.000000 0.000000 0.000000 0.000000
100000020000000000000000000000000000000000 0.000000 0.000000 0.000000 0.000000 0.000000 0.000000 0.000000
110000020000000000000000000000000000000000 0.000000 0.000000 0.000000 0.000000 0.000000 0.000000 0.000000
110000022000000000000000000000000000000000 0.000000 0.000000 0.000000 0.000000 0.000000 0.000000 0.000000
111000022000000000000000000000000000000000 0.000000 0.000000 0.000000 0.000000 0.000000 0.000000 0.000000
111000022000002000000000000000000000000000 0.000000 0.000000 0.000000 0.000000 0.000000 0.000000 0.000000
110000020000002000000000000000000000000000 0.000000 0.000000 0.000000 0.000000 0.000000 0.000000 0.000000
111000020000002000000000000000000000000000 0.000000 0.000000 0.000000 0.000000 0.000000 0.000000 0.000000
111000020000002000000200000000000000000000 0.000000 0.000000 0.000000 0.000000 0.000000 0.000000 0.000000
210000011000002000000200000000000000000000 0.000000 0.000000 0.000000 0.000000 0.000000 0.000000 0.000000
210000011000002000000200000020000000000000 0.000000 0.000000 0.000000 0.000000 0.000000 0.000000 0.000000
210000011000002000000200000020000001000000 0.000000 0.000000 0.000000 0.000000 0.000000 0.000000 0.000000
210000011000002200000200000020000001000000 0.000000 0.000000 0.000000 0.000000 0.000000 0.000000 0.000000
211000011000002200000200000020000001000000 0.000000 0.000000 0.000000 0.000000 0.000000 0.000000 0.000000
211000011000002200000220000020000001000000 0.000000 0.000000 0.000000 0.000000 0.000000 0.000000 0.000000
211100011000002200000220000020000001000000 0.000000 0.000000 0.000000 0.000000 0.000000 0.000000 0.000000
211100011000002200000220000022000001000000 0.000000 0.000000 0.000000 0.000000 0.000000 0.000000 0.000000
211100011000002200000220000022000001100000 0.000000 0.000000 0.000000 0.000000 0.000000 0.000000 0.000000
211100011200002200000220000022000001100000 0.000000 0.000000 0.000000 0.000000 0.000000 0.000000 0.000000
210100020000000000000000000000000000000000 0.000000 0.000000 0.000000 0.000000 0.000000 0.000000 0.000000
210100020000002000000000000000000000000000 0.000000 0.000000 0.000000 0.000000 0.000000 0.000000 0.000000
210100020000002000000100000000000000000000 0.000000 0.000000 0.000000 0.000000 0.000000 0.000000 0.000000
210100020000002000000100000020000000000000 0.000000 0.000000 0.000000 0.000000 0.000000 0.000000 0.000000
211100020000002000000100000020000000000000 0.000000 0.000000 0.000000 0.000000 0.000000 0.000000 0.000000
211100020000002000000100000020000002000000 0.000000 0.000000 0.000000 0.000000 0.000000 0.000000 0.000000
110100020000002000000000000000000000000000 0.000000 0.000000 0.000000 0.000000 0.000000 0.000000 0.000000
110100020000002000000200000000000000000000 0.000000 0.000000 0.000000 0.000000 0.000000 0.000000 0.000000
111100020000002000000200000000000000000000 0.000000 0.000000 0.000000 0.000000 0.000000 0.000000 0.000000
111100020000002000000200000020000000000000 0.000000 0.000000 0.000000 0.000000 0.000000 0.000000 0.000000
212000000000000000000000000000000000000000 0.000000 0.000000 0.000000 0.000000 0.000000 0.000000 0.000000
212000010000000000000000000000000000000000 0.000000 0.000000 0.000000 0.000000 0.000000 0.000000 0.000000
212000010000002000000000000000000000000000 0.000000 0.000000 0.000000 0.000000 0.000000 0.000000 0.000000
212000010100002000000000000000000000000000 0.000000 0.000000 0.000000 0.000000 0.000000 0.000000 0.000000
212000010100002000000200000000000000000000 0.000000 0.000000 0.000000 0.000000 0.000000 0.000000 0.000000
212010010100002000000200000000000000000000 0.000000 0.000000 0.000000 0.000000 0.000000 0.000000 0.000000
212010010100002000000200000020000000000000 0.000000 0.000000 0.000000 0.000000 0.000000 0.000000 0.000000
212010010100002000000200000020000001000000 0.000000 0.000000 0.000000 0.000000 0.000000 0.000000 0.000000
212010012100002000000200000020000001000000 0.000000 0.000000 0.000000 0.000000 0.000000 0.000000 0.000000
212110012100002000000200000020000001000000 0.000000 0.000000 0.000000 0.000000 0.000000 0.000000 0.000000
212110012100002200000200000020000001000000 0.000000 0.000000 0.000000 0.000000 0.000000 0.000000 0.000000
212110012101002200000200000020000001000000 0.000000 0.000000 0.000000 0.000000 0.000000 0.000000 0.000000
212110012101002200000220000020000001000000 0.000000 0.000000 0.000000 0.000000 0.000000 0.000000 0.000000
212110012101002200000220000021000001000000 0.000000 0.000000 0.000000 0.000000 0.000000 0.000000 0.000000
212110012101002200000220000021000001200000 0.000000 0.000000 0.000000 0.000000 0.000000 0.000000 0.000000
212110012111002200000220000021000001200000 0.000000 0.000000 0.000000 0.000000 0.000000 0.000000 0.000000
212110012111002220000220000021000001200000 0.000000 0.000000 0.000000 0.000000 0.000000 0.000000 0.000000
212110012111002221000220000021000001200000 0.000000 0.000000 0.000000 0.000000 0.000000 0.000000 0.000000
212110012111002221000222000021000001200000 0.000000 0.000000 0.000000 0.000000 0.000000 0.000000 0.000000
210000020000001000000000000000000000000000 0.000000 0.000000 0.000000 0.000000 0.000000 0.000000 0.000000
210000020000001000000200000000000000000000 0.000000 0.000000 0.000000 0.000000 0.000000 0.000000 0.000000
210000021000001000000200000000000000000000 0.000000 0.000000 0.000000 0.000000 0.000000 0.000000 0.000000
210000021000001000000200000020000000000000 0.000000 0.000000 0.000000 0.000000 0.000000 0.000000 0.000000
210000021000001100000200000020000000000000 0.000000 0.000000 0.000000 0.000000 0.000000 0.000000 0.000000
210000021000001100000200000020000002000000 0.000000 0.000000 0.000000 0.000000 0.000000 0.000000 0.000000
210002000000000000000000000000000000000000 0.000000 0.000000 0.000000 0.000000 0.000000 0.000000 0.000000
210002001000000000000000000000000000000000 0.000000 0.000000 0.000000 0.000000 0.000000 0.000000 0.000000
210002001000000200000000000000000000000000 0.000000 0.000000 0.000000 0.000000 0.000000 0.000000 0.000000
211002001000000200000000000000000000000000 0.000000 0.000000 0.000000 0.000000 0.000000 0.000000 0.000000
211002021000000200000000000000000000000000 0.000000 0.000000 0.000000 0.000000 0.000000 0.000000 0.000000
211102021000000200000000000000000000000000 0.000000 0.000000 0.000000 0.000000 0.000000 0.000000 0.000000
211102021000002200000000000000000000000000 0.000000 0.000000 0.000000 0.000000 0.000000 0.000000 0.000000
